4294967278,568
4294967279,372
4294967278,567
4294967279,371
4294967278,566
4294967294,1433
4294967279,370
79,5
79,4
79,3
79,2
79,1
79,0
4294967279,369
4294967278,565
4294967279,368
4294967294,1408
4294967279,367
4294967278,564
78,5
78,4
78,3
78,2
78,1
78,0
4294967278,563
4294967294,484
4294967294,1432
77,6
77,5
77,4
77,3
77,2
77,1
77,0
4294967279,366
4294967279,365
4294967279,364
4294967279,363
76,5
76,4
76,3
76,2
76,1
76,0
4294967294,1431
4294967279,362
75,5
75,4
75,3
75,2
75,1
75,0
4294967294,1430
4294967279,361
74,5
4294967279,360
74,4
74,3
74,2
74,1
74,0
4294967294,1429
4294967279,359
73,6
73,5
73,4
73,3
73,2
73,1
73,0
4294967279,358
72,5
72,4
72,3
72,2
72,1
72,0
4294967294,409
71,5
71,4
71,3
71,2
71,1
71,0
4294967279,357
4294967279,356
4294967294,1428
70,6
70,5
70,4
70,3
70,2
70,1
70,0
4294967279,355
4294967279,354
4294967294,483
4294967279,353
4294967279,352
69,5
69,4
69,3
69,2
69,1
69,0
4294967279,351
68,5
68,4
68,3
68,2
68,1
68,0
4294967294,1427
67,6
67,5
67,4
67,3
67,2
67,1
67,0
4294967294,1426
66,5
66,4
66,3
66,2
66,1
66,0
4294967294,1425
65,5
65,4
65,3
65,2
65,1
65,0
64,5
64,4
64,3
64,2
64,1
64,0
4294967294,1424
63,6
63,5
63,4
63,3
63,2
63,1
63,0
4294967279,350
62,5
62,4
62,3
62,2
62,1
62,0
4294967279,349
4294967278,562
61,5
61,4
61,3
61,2
61,1
61,0
4294967278,561
4294967294,482
4294967294,1423
60,6
60,5
60,4
60,3
60,2
60,1
60,0
4294967278,560
4294967278,559
59,5
59,4
59,3
59,2
59,1
59,0
4294967279,348
4294967294,481
4294967278,558
4294967294,1422
58,7
58,6
58,5
58,4
58,3
58,2
58,1
58,0
4294967279,347
4294967294,1414
4294967278,557
4294967294,480
4294967294,1421
57,6
57,5
57,4
57,3
57,2
57,1
57,0
4294967278,556
4294967278,555
4294967294,479
4294967278,554
4294967279,346
56,5
56,4
56,3
56,2
56,1
56,0
4294967278,553
4294967294,478
4294967294,1420
55,8
55,7
55,6
55,5
55,4
55,3
55,2
55,1
55,0
4294967278,552
4294967279,345
4294967278,551
4294967294,477
4294967294,1419
4294967279,344
4294967278,550
54,7
54,6
54,5
54,4
54,3
54,2
54,1
54,0
4294967279,343
4294967279,342
4294967294,476
4294967279,341
53,6
53,5
53,4
53,3
53,2
53,1
53,0
4294967279,340
4294967279,339
4294967294,1418
4294967278,549
4294967278,548
4294967279,338
4294967279,337
4294967278,547
52,5
52,4
52,3
52,2
52,1
52,0
4294967279,336
51,6
51,5
51,4
51,3
51,2
51,1
51,0
4294967279,335
4294967278,546
4294967278,545
50,5
50,4
50,3
50,2
50,1
50,0
4294967278,544
4294967278,543
4294967278,542
4294967279,334
4294967279,333
4294967278,541
4294967278,540
4294967278,539
4294967278,538
4294967278,537
49,7
49,6
4294967278,536
49,5
49,4
49,3
49,2
49,1
49,0
4294967278,535
4294967279,332
4294967279,331
4294967279,330
4294967279,329
48,6
48,5
48,4
48,3
48,2
48,1
48,0
4294967279,328
4294967279,327
47,5
47,4
47,3
47,2
47,1
47,0
4294967279,326
4294967278,534
4294967279,325
46,5
46,4
46,3
46,2
46,1
46,0
4294967278,533
4294967279,324
4294967278,532
4294967279,323
4294967294,1417
4294967278,531
4294967279,322
4294967278,530
4294967279,321
45,6
45,5
45,4
45,3
45,2
45,1
45,0
4294967278,529
4294967278,528
4294967279,320
4294967279,319
4294967278,527
4294967294,475
4294967279,318
44,5
44,4
44,3
44,2
44,1
44,0
4294967278,526
4294967279,317
4294967278,525
4294967279,316
4294967278,524
4294967279,315
4294967278,523
4294967279,314
43,5
43,4
43,3
43,2
43,1
43,0
4294967279,313
4294967278,522
4294967279,312
4294967279,311
4294967278,521
4294967279,310
42,6
42,5
42,4
42,3
42,2
42,1
42,0
4294967279,309
4294967278,520
4294967279,308
4294967279,307
4294967278,519
4294967279,306
4294967279,305
4294967278,518
41,5
41,4
41,3
41,2
41,1
41,0
4294967279,304
4294967278,517
4294967279,303
4294967294,1416
4294967279,302
4294967278,516
4294967279,301
4294967294,1415
40,5
40,4
40,3
40,2
40,1
40,0
4294967278,515
4294967279,300
4294967278,514
4294967279,299
4294967278,513
4294967279,298
4294967279,297
